[[ 1.          0.5         0.          0.16666667  0.16666667  0.
   0.33333333  0.83333333  0.16666667  0.5         0.33333333  0.          1.
   0.16666667  0.16666667  0.83333333  0.16666667  1.          0.66666667
   0.66666667  0.          0.83333333  1.          0.66666667  0.          0.
   0.16666667  0.33333333  0.5         0.5         0.83333333  0.
   0.16666667  0.5         0.83333333  0.66666667  0.          0.          0.
   0.33333333  0.5         0.          1.          0.5         0.16666667
   0.5         0.66666667  1.          1.          0.5         1.
   0.16666667  0.5         0.          0.          0.83333333  0.83333333
   0.83333333  0.5         0.          0.          0.          0.5         0.        ]
 [ 0.125       1.          0.75        0.29166667  0.875       0.          0.625
   0.375       0.375       0.70833333  0.25        0.          0.58333333
   0.33333333  0.5         0.41666667  0.08333333  0.45833333  0.75
   0.29166667  0.625       0.20833333  0.25        0.41666667  0.
   0.58333333  0.625       0.83333333  0.20833333  0.16666667  0.41666667
   0.          0.75        0.16666667  0.45833333  0.45833333  0.625       0.
   0.          0.75        0.125       0.20833333  0.54166667  0.41666667
   0.54166667  0.66666667  0.54166667  0.29166667  0.375       0.91666667
   0.375       0.79166667  0.33333333  0.125       0.375       0.5
   0.41666667  0.54166667  0.54166667  0.5         0.54166667  0.          0.125
   0.        ]
 [ 0.          0.72        1.          0.28        0.84        0.          0.6
   0.2         0.28        0.64        0.32        0.04        0.36        0.48
   0.44        0.24        0.04        0.28        0.52        0.12        0.68
   0.2         0.16        0.2         0.          0.76        0.68        0.8
   0.12        0.28        0.28        0.          0.68        0.36        0.28
   0.4         0.72        0.          0.          0.64        0.32        0.16
   0.32        0.44        0.68        0.48        0.64        0.16        0.24
   0.8         0.2         0.8         0.44        0.12        0.44        0.32
   0.32        0.36        0.44        0.72        0.68        0.          0.28
   0.        ]
 [ 0.11111111  0.77777778  0.77777778  1.          1.          0.
   0.77777778  0.55555556  0.44444444  0.66666667  0.44444444  0.
   0.55555556  0.77777778  0.33333333  0.33333333  0.          0.33333333
   0.44444444  0.44444444  0.66666667  0.44444444  0.33333333  0.44444444
   0.          0.77777778  0.66666667  0.88888889  0.44444444  0.44444444
   0.22222222  0.          0.55555556  0.55555556  0.22222222  0.66666667
   0.66666667  0.          0.          0.44444444  0.44444444  0.33333333
   0.44444444  0.77777778  0.77777778  0.33333333  0.66666667  0.44444444
   0.44444444  0.88888889  0.33333333  0.66666667  0.66666667  0.11111111
   0.55555556  0.44444444  0.33333333  0.55555556  0.44444444  0.55555556
   0.77777778  0.          0.44444444  0.        ]
 [ 0.03846154  0.80769231  0.80769231  0.34615385  1.          0.
   0.65384615  0.34615385  0.30769231  0.69230769  0.42307692  0.03846154
   0.5         0.46153846  0.53846154  0.34615385  0.          0.34615385
   0.57692308  0.19230769  0.65384615  0.19230769  0.23076923  0.34615385
   0.          0.61538462  0.61538462  0.84615385  0.19230769  0.19230769
   0.26923077  0.          0.73076923  0.23076923  0.38461538  0.5
   0.65384615  0.          0.          0.73076923  0.19230769  0.19230769
   0.46153846  0.53846154  0.65384615  0.57692308  0.53846154  0.23076923
   0.34615385  0.88461538  0.26923077  0.80769231  0.42307692  0.15384615
   0.42307692  0.38461538  0.42307692  0.5         0.5         0.57692308
   0.57692308  0.          0.23076923  0.        ]
 [ 0.          0.          0.          0.          0.          0.          0.
   0.          0.          0.          0.          0.          0.          0.
   0.          0.          0.          0.          0.          0.          0.
   0.          0.          0.          0.          0.          0.          0.
   0.          0.          0.          0.          0.          0.          0.
   0.          0.          0.          0.          0.          0.          0.
   0.          0.          0.          0.          0.          0.          0.
   0.          0.          0.          0.          0.          0.          0.
   0.          0.          0.          0.          0.          0.          0.
   0.        ]
 [ 0.11111111  0.83333333  0.83333333  0.38888889  0.94444444  0.          1.
   0.33333333  0.11111111  0.83333333  0.38888889  0.05555556  0.33333333
   0.27777778  0.61111111  0.22222222  0.          0.27777778  0.61111111
   0.27777778  0.66666667  0.16666667  0.22222222  0.22222222  0.
   0.77777778  0.77777778  0.94444444  0.27777778  0.22222222  0.16666667
   0.          0.72222222  0.22222222  0.22222222  0.44444444  0.72222222
   0.          0.          0.72222222  0.22222222  0.11111111  0.33333333
   0.66666667  0.77777778  0.55555556  0.66666667  0.33333333  0.33333333
   0.94444444  0.11111111  0.77777778  0.27777778  0.11111111  0.61111111
   0.33333333  0.33333333  0.38888889  0.61111111  0.66666667  0.61111111
   0.          0.27777778  0.        ]
 [ 0.38461538  0.69230769  0.38461538  0.38461538  0.69230769  0.
   0.46153846  1.          0.38461538  0.46153846  0.61538462  0.07692308
   1.          0.38461538  0.30769231  0.76923077  0.07692308  0.69230769
   0.46153846  0.61538462  0.23076923  0.53846154  0.69230769  0.69230769
   0.          0.23076923  0.30769231  0.46153846  0.38461538  0.46153846
   0.61538462  0.          0.38461538  0.46153846  0.76923077  0.76923077
   0.23076923  0.          0.          0.61538462  0.38461538  0.30769231
   0.92307692  0.61538462  0.30769231  0.53846154  0.30769231  0.76923077
   0.92307692  0.61538462  0.61538462  0.46153846  0.61538462  0.30769231
   0.07692308  0.76923077  0.69230769  0.92307692  0.61538462  0.07692308
   0.30769231  0.          0.46153846  0.        ]
 [ 0.1         0.9         0.7         0.4         0.8         0.          0.2
   0.5         1.          0.5         0.4         0.          1.          0.7
   0.3         0.6         0.1         0.8         0.6         0.4         0.4
   0.4         0.3         0.8         0.          0.4         0.3         0.8
   0.2         0.4         0.7         0.          0.6         0.4         0.8
   0.9         0.5         0.          0.          0.9         0.3         0.4
   0.9         0.3         0.2         0.7         0.3         0.4         0.5
   0.8         0.6         0.7         0.8         0.1         0.1         0.9
   0.6         0.9         0.4         0.2         0.5         0.          0.3
   0.        ]
 [ 0.15        0.85        0.8         0.3         0.9         0.          0.75
   0.3         0.25        1.          0.35        0.05        0.5         0.3
   0.6         0.3         0.05        0.45        0.7         0.25        0.55
   0.15        0.25        0.25        0.          0.6         0.55        0.95
   0.3         0.15        0.35        0.          0.8         0.1         0.4
   0.45        0.7         0.          0.          0.75        0.1         0.15
   0.5         0.55        0.6         0.6         0.6         0.35        0.35
   1.          0.25        0.75        0.25        0.1         0.45        0.45
   0.4         0.45        0.55        0.55        0.55        0.          0.15
   0.        ]
 [ 0.15384615  0.46153846  0.61538462  0.30769231  0.84615385  0.
   0.53846154  0.61538462  0.30769231  0.53846154  1.          0.07692308
   0.69230769  0.46153846  0.38461538  0.38461538  0.          0.46153846
   0.38461538  0.30769231  0.46153846  0.30769231  0.46153846  0.46153846
   0.          0.46153846  0.46153846  0.61538462  0.23076923  0.46153846
   0.46153846  0.          0.46153846  0.46153846  0.61538462  0.76923077
   0.46153846  0.          0.          0.61538462  0.46153846  0.30769231
   0.69230769  0.76923077  0.46153846  0.38461538  0.46153846  0.46153846
   0.69230769  0.69230769  0.23076923  0.61538462  0.61538462  0.23076923
   0.23076923  0.53846154  0.69230769  0.76923077  0.38461538  0.38461538
   0.53846154  0.          0.61538462  0.        ]
 [ 0.          0.          1.          0.          1.          0.          1.
   1.          0.          1.          1.          1.          1.          0.
   1.          1.          0.          1.          0.          0.          0.
   0.          0.          0.          0.          0.          0.          1.
   1.          0.          0.          0.          1.          0.          1.
   1.          0.          0.          0.          1.          0.          0.
   1.          1.          0.          1.          0.          1.          1.
   1.          0.          1.          0.          1.          0.          1.
   1.          1.          1.          0.          0.          0.          0.
   0.        ]
 [ 0.31578947  0.73684211  0.47368421  0.26315789  0.68421053  0.
   0.31578947  0.68421053  0.52631579  0.52631579  0.47368421  0.05263158
   1.          0.42105263  0.31578947  0.68421053  0.10526316  0.78947368
   0.57894737  0.42105263  0.26315789  0.42105263  0.52631579  0.68421053
   0.          0.21052632  0.26315789  0.63157895  0.26315789  0.31578947
   0.68421053  0.          0.52631579  0.31578947  0.84210526  0.78947368
   0.26315789  0.          0.          0.68421053  0.26315789  0.26315789
   0.94736842  0.47368421  0.21052632  0.57894737  0.36842105  0.57894737
   0.73684211  0.73684211  0.63157895  0.57894737  0.57894737  0.21052632
   0.05263158  0.78947368  0.73684211  0.89473684  0.42105263  0.10526316
   0.31578947  0.          0.31578947  0.        ]
 [ 0.0625      0.5         0.75        0.4375      0.75        0.          0.3125
   0.3125      0.4375      0.375       0.375       0.          0.5         1.
   0.25        0.375       0.          0.3125      0.375       0.1875
   0.4375      0.375       0.3125      0.4375      0.          0.5625      0.5
   0.5625      0.1875      0.4375      0.3125      0.          0.4375
   0.5625      0.375       0.5625      0.5625      0.          0.          0.4375
   0.5         0.1875      0.4375      0.4375      0.625       0.375       0.5
   0.1875      0.3125      0.5625      0.4375      0.625       0.8125
   0.0625      0.3125      0.375       0.4375      0.5         0.25        0.5
   0.5625      0.          0.5         0.        ]
 [ 0.06666667  0.8         0.73333333  0.2         0.93333333  0.
   0.73333333  0.26666667  0.2         0.8         0.33333333  0.06666667
   0.4         0.26666667  1.          0.33333333  0.          0.33333333
   0.6         0.13333333  0.6         0.06666667  0.13333333  0.33333333
   0.          0.6         0.6         0.86666667  0.2         0.13333333
   0.2         0.          0.8         0.06666667  0.33333333  0.4
   0.66666667  0.          0.          0.8         0.06666667  0.13333333
   0.4         0.4         0.6         0.93333333  0.46666667  0.2
   0.26666667  0.93333333  0.26666667  0.73333333  0.26666667  0.13333333
   0.4         0.33333333  0.4         0.4         0.73333333  0.53333333
   0.46666667  0.          0.13333333  0.        ]
 [ 0.38461538  0.76923077  0.46153846  0.23076923  0.69230769  0.
   0.30769231  0.76923077  0.46153846  0.46153846  0.38461538  0.07692308
   1.          0.46153846  0.38461538  1.          0.07692308  0.84615385
   0.61538462  0.46153846  0.23076923  0.46153846  0.53846154  0.69230769
   0.          0.07692308  0.23076923  0.53846154  0.30769231  0.30769231
   0.69230769  0.          0.61538462  0.38461538  0.84615385  0.76923077
   0.15384615  0.          0.          0.61538462  0.30769231  0.15384615
   0.92307692  0.38461538  0.15384615  0.69230769  0.30769231  0.61538462
   0.69230769  0.69230769  0.84615385  0.61538462  0.61538462  0.30769231
   0.          0.84615385  0.84615385  0.92307692  0.53846154  0.07692308
   0.15384615  0.          0.23076923  0.        ]
 [ 0.5         1.          0.5         0.          0.          0.          0.
   0.5         0.5         0.5         0.          0.          1.          0.
   0.          0.5         1.          1.          1.          0.5         0.5
   0.          0.5         0.5         0.          0.5         0.5         0.5
   0.5         0.          1.          0.          0.5         0.          1.
   0.5         0.          0.          0.          0.5         0.          0.
   1.          0.          0.          1.          0.5         0.5         1.
   1.          0.5         0.5         0.          0.          0.          1.
   1.          1.          0.5         0.          0.5         0.          0.
   0.        ]
 [ 0.4         0.73333333  0.46666667  0.2         0.6         0.
   0.33333333  0.6         0.53333333  0.6         0.4         0.06666667
   1.          0.33333333  0.33333333  0.73333333  0.13333333  1.          0.6
   0.46666667  0.2         0.4         0.53333333  0.6         0.          0.2
   0.13333333  0.73333333  0.33333333  0.33333333  0.66666667  0.          0.6
   0.26666667  0.86666667  0.86666667  0.26666667  0.          0.
   0.73333333  0.26666667  0.2         0.93333333  0.46666667  0.13333333
   0.6         0.4         0.6         0.66666667  0.73333333  0.66666667
   0.6         0.53333333  0.13333333  0.          0.86666667  0.8
   0.93333333  0.46666667  0.13333333  0.2         0.          0.26666667
   0.        ]
 [ 0.21052632  0.94736842  0.68421053  0.21052632  0.78947368  0.
   0.57894737  0.31578947  0.31578947  0.73684211  0.26315789  0.
   0.57894737  0.31578947  0.47368421  0.42105263  0.10526316  0.47368421
   1.          0.21052632  0.57894737  0.21052632  0.21052632  0.47368421
   0.          0.52631579  0.63157895  0.78947368  0.21052632  0.15789474
   0.47368421  0.          0.78947368  0.15789474  0.47368421  0.47368421
   0.57894737  0.          0.          0.68421053  0.15789474  0.15789474
   0.57894737  0.47368421  0.52631579  0.63157895  0.63157895  0.26315789
   0.36842105  0.89473684  0.42105263  0.78947368  0.31578947  0.05263158
   0.36842105  0.52631579  0.52631579  0.57894737  0.36842105  0.47368421
   0.52631579  0.          0.15789474  0.        ]
 [ 0.5         0.875       0.375       0.5         0.625       0.          0.625
   1.          0.5         0.625       0.5         0.          1.          0.375
   0.25        0.75        0.125       0.875       0.5         1.          0.125
   0.625       0.75        0.625       0.          0.375       0.25        0.625
   0.5         0.625       0.625       0.          0.375       0.5         0.625
   0.875       0.375       0.          0.          0.75        0.5         0.375
   0.875       0.625       0.375       0.5         0.25        0.875       0.875
   0.625       0.625       0.5         0.625       0.125       0.125       0.875
   0.625       1.          0.75        0.125       0.25        0.          0.5
   0.        ]
 [ 0.          0.83333333  0.94444444  0.33333333  0.94444444  0.
   0.66666667  0.16666667  0.22222222  0.61111111  0.33333333  0.
   0.27777778  0.38888889  0.5         0.16666667  0.05555556  0.16666667
   0.61111111  0.05555556  1.          0.16666667  0.11111111  0.16666667
   0.          0.83333333  0.88888889  0.83333333  0.11111111  0.16666667
   0.22222222  0.          0.77777778  0.27777778  0.22222222  0.27777778
   0.77777778  0.          0.          0.61111111  0.22222222  0.16666667
   0.22222222  0.44444444  0.77777778  0.55555556  0.77777778  0.05555556
   0.22222222  0.88888889  0.16666667  0.83333333  0.27777778  0.11111111
   0.55555556  0.16666667  0.27777778  0.27777778  0.5         0.83333333
   0.77777778  0.          0.16666667  0.        ]
 [ 0.5         0.5         0.5         0.4         0.5         0.          0.3
   0.7         0.4         0.3         0.4         0.          0.8         0.6
   0.1         0.6         0.          0.6         0.4         0.5         0.3
   1.          0.8         0.6         0.          0.4         0.5         0.4
   0.2         0.7         0.6         0.          0.2         0.8         0.5
   0.6         0.4         0.          0.          0.4         0.7         0.2
   0.7         0.5         0.5         0.3         0.7         0.7         0.8
   0.4         0.7         0.4         0.8         0.1         0.1         0.6
   0.4         0.6         0.4         0.3         0.4         0.          0.6
   0.        ]
 [ 0.5         0.5         0.33333333  0.25        0.5         0.
   0.33333333  0.75        0.25        0.41666667  0.5         0.
   0.83333333  0.41666667  0.16666667  0.58333333  0.08333333  0.66666667
   0.33333333  0.5         0.16666667  0.66666667  1.          0.58333333
   0.          0.25        0.33333333  0.33333333  0.33333333  0.5
   0.58333333  0.          0.16666667  0.5         0.75        0.58333333
   0.25        0.          0.          0.41666667  0.41666667  0.08333333
   0.83333333  0.58333333  0.33333333  0.41666667  0.58333333  0.75
   0.91666667  0.5         0.58333333  0.25        0.66666667  0.16666667
   0.          0.66666667  0.58333333  0.66666667  0.5         0.16666667
   0.33333333  0.          0.58333333  0.        ]
 [ 0.30769231  0.76923077  0.38461538  0.30769231  0.69230769  0.
   0.30769231  0.69230769  0.61538462  0.38461538  0.46153846  0.          1.
   0.53846154  0.38461538  0.69230769  0.07692308  0.69230769  0.69230769
   0.38461538  0.23076923  0.46153846  0.53846154  1.          0.
   0.23076923  0.38461538  0.53846154  0.23076923  0.38461538  0.69230769
   0.          0.46153846  0.38461538  0.84615385  0.84615385  0.23076923
   0.          0.          0.69230769  0.30769231  0.23076923  1.
   0.46153846  0.23076923  0.69230769  0.38461538  0.53846154  0.76923077
   0.69230769  0.69230769  0.53846154  0.76923077  0.15384615  0.07692308
   0.84615385  0.76923077  0.92307692  0.30769231  0.          0.38461538
   0.          0.46153846  0.        ]
 [ 0.          0.          0.          0.          0.          0.          0.
   0.          0.          0.          0.          0.          0.          0.
   0.          0.          0.          0.          0.          0.          0.
   0.          0.          0.          0.          0.          0.          0.
   0.          0.          0.          0.          0.          0.          0.
   0.          0.          0.          0.          0.          0.          0.
   0.          0.          0.          0.          0.          0.          0.
   0.          0.          0.          0.          0.          0.          0.
   0.          0.          0.          0.          0.          0.          0.
   0.        ]
 [ 0.          0.7         0.95        0.35        0.8         0.          0.7
   0.15        0.2         0.6         0.3         0.          0.2         0.45
   0.45        0.05        0.05        0.15        0.5         0.15        0.75
   0.2         0.15        0.15        0.          1.          0.8         0.8
   0.15        0.4         0.1         0.          0.6         0.4         0.1
   0.3         0.85        0.          0.          0.6         0.4         0.2
   0.15        0.45        0.85        0.45        0.7         0.1         0.2
   0.75        0.1         0.75        0.45        0.          0.55        0.15
   0.15        0.25        0.45        0.85        0.8         0.          0.4
   0.        ]
 [ 0.05263158  0.78947368  0.89473684  0.31578947  0.84210526  0.
   0.73684211  0.21052632  0.15789474  0.57894737  0.31578947  0.
   0.26315789  0.42105263  0.47368421  0.15789474  0.05263158  0.10526316
   0.63157895  0.10526316  0.84210526  0.26315789  0.21052632  0.26315789
   0.          0.84210526  1.          0.73684211  0.10526316  0.26315789
   0.26315789  0.          0.63157895  0.36842105  0.21052632  0.26315789
   0.73684211  0.          0.          0.52631579  0.31578947  0.10526316
   0.26315789  0.47368421  0.78947368  0.52631579  0.78947368  0.15789474
   0.31578947  0.84210526  0.15789474  0.73684211  0.36842105  0.10526316
   0.57894737  0.21052632  0.26315789  0.26315789  0.42105263  0.73684211
   0.78947368  0.          0.31578947  0.        ]
 [ 0.08333333  0.83333333  0.83333333  0.33333333  0.91666667  0.
   0.70833333  0.25        0.33333333  0.79166667  0.33333333  0.04166667
   0.5         0.375       0.54166667  0.29166667  0.04166667  0.45833333
   0.625       0.20833333  0.625       0.16666667  0.16666667  0.29166667
   0.          0.66666667  0.58333333  1.          0.20833333  0.16666667
   0.29166667  0.          0.79166667  0.16666667  0.375       0.54166667
   0.66666667  0.          0.          0.79166667  0.16666667  0.16666667
   0.45833333  0.5         0.625       0.58333333  0.58333333  0.25
   0.29166667  0.95833333  0.25        0.83333333  0.33333333  0.08333333
   0.45833333  0.41666667  0.41666667  0.5         0.5         0.58333333
   0.54166667  0.          0.16666667  0.        ]
 [ 0.42857143  0.71428571  0.42857143  0.57142857  0.71428571  0.
   0.71428571  0.71428571  0.28571429  0.85714286  0.42857143  0.14285714
   0.71428571  0.42857143  0.42857143  0.57142857  0.14285714  0.71428571
   0.57142857  0.57142857  0.28571429  0.28571429  0.57142857  0.42857143
   0.          0.42857143  0.28571429  0.71428571  1.          0.28571429
   0.28571429  0.          0.57142857  0.14285714  0.57142857  0.57142857
   0.42857143  0.          0.          0.57142857  0.14285714  0.14285714
   0.71428571  0.71428571  0.42857143  0.71428571  0.42857143  0.71428571
   0.71428571  0.85714286  0.42857143  0.57142857  0.28571429  0.14285714
   0.28571429  0.71428571  0.57142857  0.71428571  0.71428571  0.28571429
   0.42857143  0.          0.28571429  0.        ]
 [ 0.27272727  0.36363636  0.63636364  0.36363636  0.45454545  0.
   0.36363636  0.54545455  0.36363636  0.27272727  0.54545455  0.
   0.54545455  0.63636364  0.18181818  0.36363636  0.          0.45454545
   0.27272727  0.45454545  0.27272727  0.63636364  0.54545455  0.45454545
   0.          0.72727273  0.45454545  0.36363636  0.18181818  1.
   0.36363636  0.          0.18181818  0.90909091  0.36363636  0.63636364
   0.63636364  0.          0.          0.36363636  0.90909091  0.36363636
   0.45454545  0.54545455  0.54545455  0.18181818  0.54545455  0.45454545
   0.54545455  0.27272727  0.45454545  0.36363636  1.          0.
   0.18181818  0.45454545  0.36363636  0.54545455  0.27272727  0.54545455
   0.63636364  0.          0.90909091  0.        ]
 [ 0.38461538  0.76923077  0.53846154  0.15384615  0.53846154  0.
   0.23076923  0.61538462  0.53846154  0.53846154  0.46153846  0.          1.
   0.38461538  0.23076923  0.69230769  0.15384615  0.76923077  0.69230769
   0.38461538  0.30769231  0.46153846  0.53846154  0.69230769  0.
   0.15384615  0.38461538  0.53846154  0.15384615  0.30769231  1.          0.
   0.46153846  0.38461538  0.92307692  0.69230769  0.23076923  0.          0.
   0.53846154  0.30769231  0.23076923  1.          0.38461538  0.07692308
   0.53846154  0.46153846  0.61538462  0.76923077  0.76923077  0.69230769
   0.53846154  0.53846154  0.23076923  0.07692308  0.84615385  0.76923077
   0.84615385  0.30769231  0.07692308  0.38461538  0.          0.30769231
   0.        ]
 [ 0.          0.          0.          0.          0.          0.          0.
   0.          0.          0.          0.          0.          0.          0.
   0.          0.          0.          0.          0.          0.          0.
   0.          0.          0.          0.          0.          0.          0.
   0.          0.          0.          0.          0.          0.          0.
   0.          0.          0.          0.          0.          0.          0.
   0.          0.          0.          0.          0.          0.          0.
   0.          0.          0.          0.          0.          0.          0.
   0.          0.          0.          0.          0.          0.          0.
   0.        ]
 [ 0.05        0.9         0.85        0.25        0.95        0.          0.65
   0.25        0.3         0.8         0.3         0.05        0.5         0.35
   0.6         0.4         0.05        0.45        0.75        0.15        0.7
   0.1         0.1         0.3         0.          0.6         0.6         0.95
   0.2         0.1         0.3         0.          1.          0.1         0.4
   0.5         0.65        0.          0.          0.8         0.1         0.15
   0.45        0.45        0.6         0.65        0.6         0.15        0.25
   0.95        0.3         0.9         0.25        0.15        0.4         0.4
   0.5         0.5         0.5         0.6         0.55        0.          0.05
   0.        ]
 [ 0.25        0.33333333  0.75        0.41666667  0.5         0.
   0.33333333  0.5         0.33333333  0.16666667  0.5         0.          0.5
   0.75        0.08333333  0.41666667  0.          0.33333333  0.25
   0.33333333  0.41666667  0.66666667  0.5         0.41666667  0.
   0.66666667  0.58333333  0.33333333  0.08333333  0.83333333  0.41666667
   0.          0.16666667  1.          0.33333333  0.58333333  0.5         0.
   0.          0.25        0.91666667  0.25        0.41666667  0.5
   0.58333333  0.16666667  0.66666667  0.41666667  0.5         0.33333333
   0.5         0.41666667  1.          0.08333333  0.25        0.41666667
   0.41666667  0.5         0.25        0.58333333  0.66666667  0.
   0.83333333  0.        ]
 [ 0.3125      0.6875      0.4375      0.125       0.625       0.          0.25
   0.625       0.5         0.5         0.5         0.0625      1.          0.375
   0.3125      0.6875      0.125       0.8125      0.5625      0.3125      0.25
   0.3125      0.5625      0.6875      0.          0.125       0.25        0.5625
   0.25        0.25        0.75        0.          0.5         0.25        1.
   0.75        0.1875      0.          0.          0.625       0.1875
   0.1875      1.          0.4375      0.0625      0.625       0.375
   0.5625      0.75        0.75        0.625       0.5         0.5625      0.25
   0.          0.8125      0.8125      0.875       0.375       0.0625
   0.3125      0.          0.3125      0.        ]
 [ 0.23529412  0.64705882  0.58823529  0.35294118  0.76470588  0.
   0.47058824  0.58823529  0.52941176  0.52941176  0.58823529  0.05882353
   0.88235294  0.52941176  0.35294118  0.58823529  0.05882353  0.76470588
   0.52941176  0.41176471  0.29411765  0.35294118  0.41176471  0.64705882
   0.          0.35294118  0.29411765  0.76470588  0.23529412  0.41176471
   0.52941176  0.          0.58823529  0.41176471  0.70588235  1.
   0.35294118  0.          0.          0.76470588  0.41176471  0.23529412
   0.82352941  0.64705882  0.35294118  0.47058824  0.41176471  0.47058824
   0.58823529  0.70588235  0.47058824  0.64705882  0.70588235  0.11764706
   0.17647059  0.76470588  0.82352941  0.94117647  0.35294118  0.23529412
   0.35294118  0.          0.47058824  0.        ]
 [ 0.          0.78947368  0.94736842  0.31578947  0.89473684  0.
   0.68421053  0.15789474  0.26315789  0.73684211  0.31578947  0.
   0.26315789  0.47368421  0.52631579  0.10526316  0.          0.21052632
   0.57894737  0.15789474  0.73684211  0.21052632  0.15789474  0.15789474
   0.          0.89473684  0.73684211  0.84210526  0.15789474  0.36842105
   0.15789474  0.          0.68421053  0.31578947  0.15789474  0.31578947
   1.          0.          0.          0.68421053  0.31578947  0.26315789
   0.21052632  0.47368421  0.84210526  0.47368421  0.68421053  0.10526316
   0.15789474  0.78947368  0.15789474  0.78947368  0.42105263  0.
   0.52631579  0.21052632  0.15789474  0.26315789  0.47368421  0.84210526
   0.73684211  0.          0.31578947  0.        ]
 [ 0.          0.          0.          0.          0.          0.          0.
   0.          0.          0.          0.          0.          0.          0.
   0.          0.          0.          0.          0.          0.          0.
   0.          0.          0.          0.          0.          0.          0.
   0.          0.          0.          0.          0.          0.          0.
   0.          0.          0.          0.          0.          0.          0.
   0.          0.          0.          0.          0.          0.          0.
   0.          0.          0.          0.          0.          0.          0.
   0.          0.          0.          0.          0.          0.          0.
   0.        ]
 [ 0.          0.          0.          0.          0.          0.          0.
   0.          0.          0.          0.          0.          0.          0.
   0.          0.          0.          0.          0.          0.          0.
   0.          0.          0.          0.          0.          0.          0.
   0.          0.          0.          0.          0.          0.          0.
   0.          0.          0.          0.          0.          0.          0.
   0.          0.          0.          0.          0.          0.          0.
   0.          0.          0.          0.          0.          0.          0.
   0.          0.          0.          0.          0.          0.          0.
   0.        ]
 [ 0.0952381   0.85714286  0.76190476  0.19047619  0.9047619   0.
   0.61904762  0.38095238  0.42857143  0.71428571  0.38095238  0.04761905
   0.61904762  0.33333333  0.57142857  0.38095238  0.04761905  0.52380952
   0.61904762  0.28571429  0.52380952  0.19047619  0.23809524  0.42857143
   0.          0.57142857  0.47619048  0.9047619   0.19047619  0.19047619
   0.33333333  0.          0.76190476  0.14285714  0.47619048  0.61904762
   0.61904762  0.          0.          1.          0.14285714  0.19047619
   0.57142857  0.42857143  0.57142857  0.71428571  0.42857143  0.28571429
   0.38095238  0.85714286  0.28571429  0.80952381  0.38095238  0.0952381
   0.33333333  0.52380952  0.47619048  0.61904762  0.61904762  0.47619048
   0.42857143  0.          0.19047619  0.        ]
 [ 0.27272727  0.27272727  0.72727273  0.36363636  0.45454545  0.
   0.36363636  0.45454545  0.27272727  0.18181818  0.54545455  0.
   0.45454545  0.72727273  0.09090909  0.36363636  0.          0.36363636
   0.27272727  0.36363636  0.36363636  0.63636364  0.45454545  0.36363636
   0.          0.72727273  0.54545455  0.36363636  0.09090909  0.90909091
   0.36363636  0.          0.18181818  1.          0.27272727  0.63636364
   0.54545455  0.          0.          0.27272727  1.          0.27272727
   0.36363636  0.54545455  0.63636364  0.09090909  0.63636364  0.36363636
   0.45454545  0.27272727  0.45454545  0.45454545  1.          0.
   0.27272727  0.36363636  0.45454545  0.54545455  0.18181818  0.63636364
   0.63636364  0.          0.90909091  0.        ]
 [ 0.          0.83333333  0.66666667  0.5         0.83333333  0.
   0.33333333  0.66666667  0.66666667  0.5         0.66666667  0.
   0.83333333  0.5         0.33333333  0.33333333  0.          0.5         0.5
   0.5         0.5         0.33333333  0.16666667  0.5         0.
   0.66666667  0.33333333  0.66666667  0.16666667  0.66666667  0.5         0.
   0.5         0.5         0.5         0.66666667  0.83333333  0.          0.
   0.66666667  0.5         1.          0.66666667  0.5         0.5
   0.33333333  0.33333333  0.33333333  0.5         0.66666667  0.5
   0.83333333  0.66666667  0.16666667  0.16666667  0.5         0.33333333
   0.83333333  0.33333333  0.5         0.83333333  0.          0.5         0.        ]
 [ 0.33333333  0.72222222  0.44444444  0.22222222  0.66666667  0.
   0.33333333  0.66666667  0.5         0.55555556  0.5         0.05555556
   1.          0.38888889  0.33333333  0.66666667  0.11111111  0.77777778
   0.61111111  0.38888889  0.22222222  0.38888889  0.55555556  0.72222222
   0.          0.16666667  0.27777778  0.61111111  0.27777778  0.27777778
   0.72222222  0.          0.5         0.27777778  0.88888889  0.77777778
   0.22222222  0.          0.          0.66666667  0.22222222  0.22222222
   1.          0.5         0.16666667  0.61111111  0.38888889  0.61111111
   0.77777778  0.77777778  0.61111111  0.55555556  0.55555556  0.22222222
   0.05555556  0.83333333  0.77777778  0.88888889  0.38888889  0.05555556
   0.33333333  0.          0.33333333  0.        ]
 [ 0.1875      0.625       0.6875      0.4375      0.875       0.          0.75
   0.5         0.1875      0.6875      0.625       0.0625      0.5625
   0.4375      0.375       0.3125      0.          0.4375      0.5625
   0.3125      0.5         0.3125      0.4375      0.375       0.          0.5625
   0.5625      0.75        0.3125      0.375       0.3125      0.          0.5625
   0.375       0.4375      0.6875      0.5625      0.          0.          0.5625
   0.375       0.1875      0.5625      1.          0.625       0.3125
   0.6875      0.4375      0.5625      0.75        0.1875      0.625       0.5
   0.125       0.375       0.5         0.5625      0.625       0.375       0.5
   0.625       0.          0.5         0.        ]
 [ 0.05263158  0.68421053  0.89473684  0.36842105  0.89473684  0.
   0.73684211  0.21052632  0.10526316  0.63157895  0.31578947  0.
   0.21052632  0.52631579  0.47368421  0.10526316  0.          0.10526316
   0.52631579  0.15789474  0.73684211  0.26315789  0.21052632  0.15789474
   0.          0.89473684  0.78947368  0.78947368  0.15789474  0.31578947
   0.05263158  0.          0.63157895  0.36842105  0.05263158  0.31578947
   0.84210526  0.          0.          0.63157895  0.36842105  0.15789474
   0.15789474  0.52631579  1.          0.42105263  0.73684211  0.10526316
   0.21052632  0.73684211  0.15789474  0.78947368  0.42105263  0.
   0.57894737  0.10526316  0.21052632  0.26315789  0.47368421  0.84210526
   0.68421053  0.          0.36842105  0.        ]
 [ 0.15789474  0.84210526  0.63157895  0.15789474  0.78947368  0.
   0.52631579  0.36842105  0.36842105  0.63157895  0.26315789  0.05263158
   0.57894737  0.31578947  0.73684211  0.47368421  0.10526316  0.47368421
   0.63157895  0.21052632  0.52631579  0.15789474  0.26315789  0.47368421
   0.          0.47368421  0.52631579  0.73684211  0.26315789  0.10526316
   0.36842105  0.          0.68421053  0.10526316  0.52631579  0.42105263
   0.47368421  0.          0.          0.78947368  0.05263158  0.10526316
   0.57894737  0.26315789  0.42105263  1.          0.42105263  0.31578947
   0.42105263  0.89473684  0.42105263  0.68421053  0.31578947  0.15789474
   0.26315789  0.52631579  0.47368421  0.52631579  0.73684211  0.36842105
   0.42105263  0.          0.10526316  0.        ]
 [ 0.2         0.65        0.8         0.3         0.7         0.          0.6
   0.2         0.15        0.6         0.3         0.          0.35        0.4
   0.35        0.2         0.05        0.3         0.6         0.1         0.7
   0.35        0.35        0.25        0.          0.7         0.75        0.7
   0.15        0.3         0.3         0.          0.6         0.4         0.3
   0.35        0.65        0.          0.          0.45        0.35        0.1
   0.35        0.55        0.7         0.4         1.          0.25        0.35
   0.75        0.3         0.65        0.4         0.05        0.4         0.3
   0.35        0.3         0.35        0.7         0.75        0.          0.35
   0.        ]
 [ 0.54545455  0.63636364  0.36363636  0.36363636  0.54545455  0.
   0.54545455  0.90909091  0.36363636  0.63636364  0.54545455  0.09090909
   1.          0.27272727  0.27272727  0.72727273  0.09090909  0.81818182
   0.45454545  0.63636364  0.09090909  0.63636364  0.81818182  0.63636364
   0.          0.18181818  0.27272727  0.54545455  0.45454545  0.45454545
   0.72727273  0.          0.27272727  0.45454545  0.81818182  0.72727273
   0.18181818  0.          0.          0.54545455  0.36363636  0.18181818
   1.          0.63636364  0.18181818  0.54545455  0.45454545  1.          1.
   0.72727273  0.63636364  0.36363636  0.54545455  0.27272727  0.09090909
   0.90909091  0.63636364  0.81818182  0.63636364  0.          0.27272727
   0.          0.45454545  0.        ]
 [ 0.4         0.6         0.4         0.26666667  0.6         0.          0.4
   0.8         0.33333333  0.46666667  0.6         0.06666667  0.93333333
   0.33333333  0.26666667  0.6         0.13333333  0.66666667  0.46666667
   0.46666667  0.26666667  0.53333333  0.73333333  0.66666667  0.
   0.26666667  0.4         0.46666667  0.33333333  0.4         0.66666667
   0.          0.33333333  0.4         0.8         0.66666667  0.2         0.
   0.          0.53333333  0.33333333  0.2         0.93333333  0.6
   0.26666667  0.53333333  0.46666667  0.73333333  1.          0.66666667
   0.53333333  0.46666667  0.53333333  0.26666667  0.06666667  0.73333333
   0.66666667  0.8         0.46666667  0.06666667  0.4         0.
   0.46666667  0.        ]
 [ 0.11538462  0.84615385  0.76923077  0.30769231  0.88461538  0.
   0.65384615  0.30769231  0.30769231  0.76923077  0.34615385  0.03846154
   0.53846154  0.34615385  0.53846154  0.34615385  0.07692308  0.42307692
   0.65384615  0.19230769  0.61538462  0.15384615  0.23076923  0.34615385
   0.          0.57692308  0.61538462  0.88461538  0.23076923  0.11538462
   0.38461538  0.          0.73076923  0.15384615  0.46153846  0.46153846
   0.57692308  0.          0.          0.69230769  0.11538462  0.15384615
   0.53846154  0.46153846  0.53846154  0.65384615  0.57692308  0.30769231
   0.38461538  1.          0.30769231  0.76923077  0.30769231  0.15384615
   0.42307692  0.46153846  0.46153846  0.5         0.5         0.5
   0.57692308  0.          0.15384615  0.        ]
 [ 0.46153846  0.69230769  0.38461538  0.23076923  0.53846154  0.
   0.15384615  0.61538462  0.46153846  0.38461538  0.23076923  0.
   0.92307692  0.53846154  0.30769231  0.84615385  0.07692308  0.76923077
   0.61538462  0.38461538  0.23076923  0.53846154  0.53846154  0.69230769
   0.          0.15384615  0.23076923  0.46153846  0.23076923  0.38461538
   0.69230769  0.          0.46153846  0.46153846  0.76923077  0.61538462
   0.23076923  0.          0.          0.46153846  0.38461538  0.23076923
   0.84615385  0.23076923  0.23076923  0.61538462  0.46153846  0.53846154
   0.61538462  0.61538462  1.          0.53846154  0.69230769  0.15384615
   0.          0.69230769  0.69230769  0.76923077  0.38461538  0.15384615
   0.23076923  0.          0.30769231  0.        ]
 [ 0.04347826  0.82608696  0.86956522  0.26086957  0.91304348  0.
   0.60869565  0.26086957  0.30434783  0.65217391  0.34782609  0.04347826
   0.47826087  0.43478261  0.47826087  0.34782609  0.04347826  0.39130435
   0.65217391  0.17391304  0.65217391  0.17391304  0.13043478  0.30434783
   0.          0.65217391  0.60869565  0.86956522  0.17391304  0.17391304
   0.30434783  0.          0.7826087   0.2173913   0.34782609  0.47826087
   0.65217391  0.          0.          0.73913043  0.2173913   0.2173913
   0.43478261  0.43478261  0.65217391  0.56521739  0.56521739  0.17391304
   0.30434783  0.86956522  0.30434783  1.          0.34782609  0.13043478
   0.43478261  0.39130435  0.43478261  0.52173913  0.43478261  0.60869565
   0.56521739  0.          0.17391304  0.        ]
 [ 0.17647059  0.47058824  0.64705882  0.35294118  0.64705882  0.
   0.29411765  0.47058824  0.47058824  0.29411765  0.47058824  0.
   0.64705882  0.76470588  0.23529412  0.47058824  0.          0.47058824
   0.35294118  0.29411765  0.29411765  0.47058824  0.47058824  0.58823529
   0.          0.52941176  0.41176471  0.47058824  0.11764706  0.64705882
   0.41176471  0.          0.29411765  0.70588235  0.52941176  0.70588235
   0.47058824  0.          0.          0.47058824  0.64705882  0.23529412
   0.58823529  0.47058824  0.47058824  0.35294118  0.47058824  0.35294118
   0.47058824  0.47058824  0.52941176  0.47058824  1.          0.05882353
   0.17647059  0.52941176  0.52941176  0.64705882  0.23529412  0.41176471
   0.52941176  0.          0.70588235  0.        ]
 [ 0.          0.75        0.75        0.25        1.          0.          0.5
   1.          0.25        0.5         0.75        0.25        1.          0.25
   0.5         1.          0.          0.5         0.25        0.25        0.5
   0.25        0.5         0.5         0.          0.          0.5         0.5
   0.25        0.          0.75        0.          0.75        0.25        1.
   0.5         0.          0.          0.          0.5         0.          0.25
   1.          0.5         0.          0.75        0.25        0.75        1.
   1.          0.5         0.75        0.25        1.          0.          0.75
   0.75        0.75        0.75        0.          0.5         0.          0.
   0.        ]
 [ 0.          0.81818182  1.          0.45454545  1.          0.          1.
   0.09090909  0.09090909  0.81818182  0.27272727  0.          0.09090909
   0.45454545  0.54545455  0.          0.          0.          0.63636364
   0.09090909  0.90909091  0.09090909  0.          0.09090909  0.          1.
   1.          1.          0.18181818  0.18181818  0.09090909  0.
   0.72727273  0.27272727  0.          0.27272727  0.90909091  0.          0.
   0.63636364  0.27272727  0.09090909  0.09090909  0.54545455  1.
   0.45454545  0.72727273  0.09090909  0.09090909  1.          0.
   0.90909091  0.27272727  0.          1.          0.09090909  0.18181818
   0.18181818  0.45454545  0.90909091  0.81818182  0.          0.27272727
   0.        ]
 [ 0.33333333  0.8         0.53333333  0.26666667  0.66666667  0.          0.4
   0.66666667  0.6         0.6         0.46666667  0.06666667  1.          0.4
   0.33333333  0.73333333  0.13333333  0.86666667  0.66666667  0.46666667
   0.2         0.4         0.53333333  0.73333333  0.          0.2
   0.26666667  0.66666667  0.33333333  0.33333333  0.73333333  0.
   0.53333333  0.33333333  0.86666667  0.86666667  0.26666667  0.          0.
   0.73333333  0.26666667  0.2         1.          0.53333333  0.13333333
   0.66666667  0.4         0.66666667  0.73333333  0.8         0.6         0.6
   0.6         0.2         0.06666667  1.          0.8         0.93333333
   0.46666667  0.06666667  0.33333333  0.          0.33333333  0.        ]
 [ 0.3125      0.625       0.5         0.1875      0.6875      0.          0.375
   0.5625      0.375       0.5         0.5625      0.0625      0.875
   0.4375      0.375       0.6875      0.125       0.75        0.625
   0.3125      0.3125      0.25        0.4375      0.625       0.          0.1875
   0.3125      0.625       0.25        0.25        0.625       0.          0.625
   0.3125      0.8125      0.875       0.1875      0.          0.          0.625
   0.3125      0.125       0.875       0.5625      0.25        0.5625
   0.4375      0.4375      0.625       0.75        0.5625      0.625
   0.5625      0.1875      0.125       0.75        1.          0.9375
   0.3125      0.1875      0.3125      0.          0.375       0.        ]
 [ 0.27777778  0.72222222  0.5         0.27777778  0.72222222  0.
   0.38888889  0.66666667  0.5         0.5         0.55555556  0.05555556
   0.94444444  0.44444444  0.33333333  0.66666667  0.11111111  0.77777778
   0.61111111  0.44444444  0.27777778  0.33333333  0.44444444  0.66666667
   0.          0.27777778  0.27777778  0.66666667  0.27777778  0.33333333
   0.61111111  0.          0.55555556  0.33333333  0.77777778  0.88888889
   0.27777778  0.          0.          0.72222222  0.33333333  0.27777778
   0.88888889  0.55555556  0.27777778  0.55555556  0.33333333  0.5
   0.66666667  0.72222222  0.55555556  0.66666667  0.61111111  0.16666667
   0.11111111  0.77777778  0.83333333  1.          0.38888889  0.16666667
   0.33333333  0.          0.38888889  0.        ]
 [ 0.1875      0.8125      0.6875      0.25        0.8125      0.          0.6875
   0.5         0.25        0.6875      0.3125      0.0625      0.5         0.25
   0.6875      0.4375      0.0625      0.4375      0.4375      0.375
   0.5625      0.25        0.375       0.25        0.          0.5625      0.5
   0.75        0.3125      0.1875      0.25        0.          0.625
   0.1875      0.375       0.375       0.5625      0.          0.          0.8125
   0.125       0.125       0.4375      0.375       0.5625      0.875
   0.4375      0.4375      0.4375      0.8125      0.3125      0.625       0.25
   0.1875      0.3125      0.4375      0.3125      0.4375      1.          0.5
   0.375       0.          0.125       0.        ]
 [ 0.          0.66666667  1.          0.27777778  0.83333333  0.
   0.66666667  0.05555556  0.11111111  0.61111111  0.27777778  0.
   0.11111111  0.44444444  0.44444444  0.05555556  0.          0.11111111
   0.5         0.05555556  0.83333333  0.16666667  0.11111111  0.          0.
   0.94444444  0.77777778  0.77777778  0.11111111  0.33333333  0.05555556
   0.          0.66666667  0.38888889  0.05555556  0.22222222  0.88888889
   0.          0.          0.55555556  0.38888889  0.16666667  0.05555556
   0.44444444  0.88888889  0.38888889  0.77777778  0.          0.05555556
   0.72222222  0.11111111  0.77777778  0.38888889  0.          0.55555556
   0.05555556  0.16666667  0.16666667  0.44444444  1.          0.77777778
   0.          0.33333333  0.        ]
 [ 0.          0.68421053  0.89473684  0.36842105  0.78947368  0.
   0.57894737  0.21052632  0.26315789  0.57894737  0.36842105  0.
   0.31578947  0.47368421  0.36842105  0.10526316  0.05263158  0.15789474
   0.52631579  0.10526316  0.73684211  0.21052632  0.21052632  0.26315789
   0.          0.84210526  0.78947368  0.68421053  0.15789474  0.36842105
   0.26315789  0.          0.57894737  0.42105263  0.26315789  0.31578947
   0.73684211  0.          0.          0.47368421  0.36842105  0.26315789
   0.31578947  0.52631579  0.68421053  0.42105263  0.78947368  0.15789474
   0.31578947  0.78947368  0.15789474  0.68421053  0.47368421  0.10526316
   0.47368421  0.26315789  0.26315789  0.31578947  0.31578947  0.73684211
   1.          0.          0.42105263  0.        ]
 [ 0.          0.          0.          0.          0.          0.          0.
   0.          0.          0.          0.          0.          0.          0.
   0.          0.          0.          0.          0.          0.          0.
   0.          0.          0.          0.          0.          0.          0.
   0.          0.          0.          0.          0.          0.          0.
   0.          0.          0.          0.          0.          0.          0.
   0.          0.          0.          0.          0.          0.          0.
   0.          0.          0.          0.          0.          0.          0.
   0.          0.          0.          0.          0.          0.          0.
   0.        ]
 [ 0.25        0.25        0.58333333  0.33333333  0.5         0.
   0.41666667  0.5         0.25        0.25        0.66666667  0.          0.5
   0.66666667  0.16666667  0.25        0.          0.33333333  0.25
   0.33333333  0.25        0.5         0.58333333  0.5         0.
   0.66666667  0.5         0.33333333  0.16666667  0.83333333  0.33333333
   0.          0.08333333  0.83333333  0.41666667  0.66666667  0.5         0.
   0.          0.33333333  0.83333333  0.25        0.5         0.66666667
   0.58333333  0.16666667  0.58333333  0.41666667  0.58333333  0.33333333
   0.33333333  0.33333333  1.          0.          0.25        0.41666667
   0.5         0.58333333  0.16666667  0.5         0.66666667  0.          1.
   0.        ]
 [ 0.          0.          0.          0.          0.          0.          0.
   0.          0.          0.          0.          0.          0.          0.
   0.          0.          0.          0.          0.          0.          0.
   0.          0.          0.          0.          0.          0.          0.
   0.          0.          0.          0.          0.          0.          0.
   0.          0.          0.          0.          0.          0.          0.
   0.          0.          0.          0.          0.          0.          0.
   0.          0.          0.          0.          0.          0.          0.
   0.          0.          0.          0.          0.          0.          0.
   0.        ]]
